tree
version=v4
num_class=1
num_tree_per_iteration=1
label_index=0
max_feature_idx=12
objective=binary sigmoid:1
feature_names=Column_0 Column_1 Column_2 Column_3 Column_4 Column_5 Column_6 Column_7 Column_8 Column_9 Column_10 Column_11 Column_12
feature_infos=[-2.2465832416982332:4.6552475719870259] [-3.2239284467551772:3.8228738594140292] [-3.141450377554869:6.7376450643625621] [-3.0050231322933256:3.6797327485662148] [-2.1386798689797568:13.231441602887706] none [-2.11958467919046:1.2368791478781316] [-1.1760475338838483:1.2900089649659021] none none none [-1.7422181142883573:2.3752110581894454] [-3.3510411338214201:3.1837920001265054]
tree_sizes=1249 1072 1073 1281 1498 1395

Tree=0
num_leaves=11
num_cat=0
split_feature=7 7 11 7 12 4 1 3 12 0
split_gain=37.9941 25.6579 34.6175 13.6217 11.3293 2.66328 1.01648 1.38994 1.2162 0.124586
threshold=0.3802383875146802 0.85979064167730435 -0.54987974218259061 1.2075884718479928 0.36613915279146342 0.010741092238976071 0.080889570283559378 -0.11364415035156444 0.28042673128431111 0.29828290909738725
decision_type=2 2 2 2 2 2 2 2 2 2
left_child=5 2 -2 -3 -4 6 7 -1 -9 -8
right_child=1 3 4 -5 -6 -7 9 8 -10 -11
leaf_value=0.92101952090301431 0.90565703226874295 0.95719358602046523 0.72642799820224369 0.85291248795774455 0.83067345679194216 0.9129115407904822 0.96966740157820697 0.96966740157820697 0.93318149107181247 0.9575054314094088
leaf_weight=5.1389701664447811 7.8112346529960659 8.0167934596538526 6.5778818130493182 5.1389701664447776 4.3167349398136139 6.1667641997337332 4.3167349398136121 5.1389701664447802 4.1111761331558228 4.1111761331558228
leaf_count=25 38 39 32 25 21 30 21 25 20 20
internal_value=0.90064 0.862956 0.825328 0.916459 0.767733 0.942066 0.949945 0.941869 0.953451 0.963735
internal_weight=60.8454 31.8616 18.7059 13.1558 10.8946 28.9838 22.817 14.3891 9.25015 8.42791
internal_count=296 155 91 64 53 141 111 70 45 41
is_linear=0
shrinkage=1


Tree=1
num_leaves=9
num_cat=0
split_feature=7 7 11 7 7 4 0 2
split_gain=34.381 22.2721 28.8013 12.4571 9.15046 2.52177 0.791064 1.20304
threshold=0.3802383875146802 0.85979064167730435 -0.54987974218259061 1.2075884718479928 0.68341794618017038 0.010741092238976071 -0.45695373888483853 0.14684819232756233
decision_type=2 2 2 2 2 2 2 2
left_child=5 2 -2 -3 -4 6 -1 -8
right_child=1 3 4 -5 -6 -7 7 -9
leaf_value=0.035894178192894477 0.0060317980761742263 0.056407813360266582 -0.06511447399229614 -0.04323483884998619 -0.15587312792257826 0.01298362711645841 0.069320415780472433 0.040832400256316237
leaf_weight=7.4548687189817473 7.7903447747230521 7.8182225078344327 4.7171770632267016 5.2381876856088638 6.7529227882623672 6.1313076317310324 7.8384620547294617 7.0292515009641647
leaf_count=37 38 39 22 25 31 30 39 35
internal_value=0.00130573 -0.0339832 -0.0681587 0.0164315 -0.118548 0.0413855 0.0491867 0.0558517
internal_weight=60.7707 32.3169 19.2604 13.0564 11.4701 28.4539 22.3226 14.8677
internal_count=296 155 91 64 53 141 111 74
is_linear=0
shrinkage=0.05


Tree=2
num_leaves=9
num_cat=0
split_feature=7 7 11 7 12 4 0 2
split_gain=31.191 19.4991 24.4093 11.4108 7.98547 2.38958 0.763414 1.17428
threshold=0.3802383875146802 0.85979064167730435 -0.54987974218259061 1.2075884718479928 0.36613915279146342 0.010741092238976071 -0.45695373888483853 0.14684819232756233
decision_type=2 2 2 2 2 2 2 2
left_child=5 2 -2 -3 -4 6 -1 -8
right_child=1 3 4 -5 -6 -7 7 -9
leaf_value=0.034666184409025656 0.0057453202612727117 0.055021337754745048 -0.14052110331266468 -0.040362363354666315 -0.056474911932128925 0.012405287750116602 0.068026700662792719 0.039531493237279905
leaf_weight=7.3360650539398238 7.7703784406185141 7.6195440441369993 7.3333584070205706 5.328008159995079 4.598389208316803 6.0971850156784049 7.5943451076745987 6.9008485525846481
leaf_count=37 38 39 32 25 21 30 39 35
internal_value=0.00128783 -0.0318948 -0.0632187 0.0157703 -0.10813 0.0400799 0.0478091 0.0544607
internal_weight=60.5781 32.6497 19.7021 12.9476 11.9317 27.9284 21.8313 14.4952
internal_count=296 155 91 64 53 141 111 74
is_linear=0
shrinkage=0.05


Tree=3
num_leaves=11
num_cat=0
split_feature=7 11 7 7 11 7 2 12 3 3
split_gain=28.36 17.6253 21.519 8.73609 6.32421 6.82387 2.28317 1.07072 2.41585 0.631009
threshold=0.3802383875146802 -1.0932250763511828 0.85979064167730435 1.2075884718479928 -0.54987974218259061 0.68341794618017038 0.58369547507294073 0.20571904312324887 -0.058268944827419039 0.22953279650325309
decision_type=2 2 2 2 2 2 2 2 2 2
left_child=6 -2 4 -4 -3 -6 7 8 -1 -9
right_child=1 2 3 -5 5 -7 -8 9 -10 -11
leaf_value=0.017932424627054376 0.058638621776251156 -0.030299281764965103 0.050222940349749258 -0.037752324449566346 -0.054398041370712004 -0.13032908112029021 0.012294147317877122 0.067581996066527858 0.067444730014188367 0.04212424723411673
leaf_weight=6.9064647555351284 4.7861090898513785 4.487595051527026 5.8993139415979368 5.4093606770038605 4.9647437334060687 7.3237780630588531 6.2581437528133383 6.5334563106298429 3.8298777788877514 3.879369392991066
leaf_count=35 24 22 31 25 22 31 32 34 20 20
internal_value=0.00126454 -0.0300518 -0.0451661 0.00814109 -0.0811001 -0.0996518 0.0388237 0.0466739 0.0355945 0.0580975
internal_weight=60.2782 32.8709 28.0848 11.3087 16.7761 12.2885 27.4073 21.1492 10.7363 10.4128
internal_count=296 155 131 56 75 53 141 109 55 54
is_linear=0
shrinkage=0.05


Tree=4
num_leaves=13
num_cat=0
split_feature=1 6 6 6 12 11 11 2 6 0 3 2
split_gain=9.80979 7.86066 12.4856 11.8995 9.15194 7.26855 3.71171 1.56694 0.963014 1.15611 0.66798 0.147674
threshold=0.98405273373920765 -0.084779889719601528 -0.32105094481809898 0.41002662355762992 0.24575127483409828 -0.49141758707987154 0.099502566355567854 -0.42564014071836326 0.21273772990936288 -0.20238311507107989 -0.24163678161496771 -0.27840793346961917
decision_type=2 2 2 2 2 2 2 2 2 2 2 2
left_child=1 2 5 8 6 -1 7 -5 9 -3 -2 -10
right_child=10 3 -4 4 -6 -7 -8 -9 11 -11 -12 -13
leaf_value=-0.039974671325124778 -0.033375628472601934 0.056880037050089219 -0.087081032659354726 0.019910167506865514 -0.059940494190120631 0.044620784849088525 0.055040506852200501 -0.02402081514600847 0.054622054136630162 0.019486844656044465 -0.060934031201775277 0.067295591356113404
leaf_weight=4.2824459671974173 4.2861733436584473 4.3000826835632324 4.8069531619548789 3.997094452381134 5.5073296129703513 6.2376745194196692 4.3026170134544364 4.1240598261356372 3.8448941409587825 3.980496749281885 4.5151770114898664 5.7149937152862567
leaf_count=20 21 22 21 20 25 32 23 20 20 20 22 30
internal_value=0.00124134 0.00963896 -0.0203205 0.0224757 -0.00628931 0.0101843 0.0174937 -0.00239873 0.0513869 0.038905 -0.0475134 0.0621984
internal_weight=59.9 51.0986 15.3271 35.7716 17.9311 10.5201 12.4238 8.12115 17.8405 8.28058 8.80135 9.55989
internal_count=296 253 73 180 88 52 63 40 92 42 43 50
is_linear=0
shrinkage=0.05


Tree=5
num_leaves=12
num_cat=0
split_feature=7 6 6 6 7 0 0 1 1 3 2
split_gain=32.146 14.8606 6.79564 12.831 13.8571 2.01042 1.79599 1.74197 3.00612 1.02369 0.164654
threshold=0.49262190285168167 0.57224735910351343 1.0000000180025095e-35 -0.32105094481809898 0.85979064167730435 0.9943538899642721 -0.20238311507107989 0.087369175814160496 -0.20752129677644374 -0.058268944827419039 -0.64982390939390877
decision_type=2 2 2 2 2 2 2 2 2 2 2
left_child=5 2 3 4 -2 7 -4 8 9 -1 -11
right_child=1 -3 6 -5 -6 -7 -8 -9 -10 10 -12
leaf_value=0.032412415071499043 -0.075341494751362634 -0.09063398343572715 0.04506240302785601 -0.096086780805958005 0.044725987146324052 0.0060231846201207091 -0.001134833640120162 0.067202463781098551 0.0018899572185705812 0.052911980065701462 0.067586388281100029
leaf_weight=5.6119420677423539 3.857942655682562 8.5362671911716443 4.2842580378055573 5.3542908728122738 6.3721679747104645 3.9642391502857199 4.1337764263153058 6.2355989515781394 4.6428488492965725 3.6850990206003251 3.9719512909650732
leaf_count=29 17 38 22 23 33 20 20 33 25 20 21
internal_value=-0.000138734 -0.0339733 -0.0138224 -0.0333756 -0.000553431 0.0390241 0.0223767 0.0444418 0.0365181 0.0486346 0.0605241
internal_weight=60.6504 32.5387 24.0024 15.5844 10.2301 28.1117 8.41803 24.1474 17.9118 13.269 7.65705
internal_count=301 153 115 73 50 148 42 128 95 70 41
is_linear=0
shrinkage=0.05


end of trees

feature_importances:
Column_7=16
Column_6=7
Column_11=7
Column_0=6
Column_2=6
Column_3=5
Column_12=5
Column_1=4
Column_4=3

parameters:
[boosting: gbdt]
[objective: binary]
[metric: binary_logloss,auc]
[tree_learner: serial]
[device_type: cpu]
[data_sample_strategy: bagging]
[data: ]
[valid: ]
[num_iterations: 200]
[learning_rate: 0.05]
[num_leaves: 31]
[num_threads: 0]
[seed: 0]
[deterministic: 0]
[force_col_wise: 0]
[force_row_wise: 0]
[histogram_pool_size: -1]
[max_depth: -1]
[min_data_in_leaf: 20]
[min_sum_hessian_in_leaf: 0.001]
[bagging_fraction: 0.8]
[pos_bagging_fraction: 1]
[neg_bagging_fraction: 1]
[bagging_freq: 5]
[bagging_seed: 3]
[bagging_by_query: 0]
[feature_fraction: 0.8]
[feature_fraction_bynode: 1]
[feature_fraction_seed: 2]
[extra_trees: 0]
[extra_seed: 6]
[early_stopping_round: 0]
[early_stopping_min_delta: 0]
[first_metric_only: 0]
[max_delta_step: 0]
[lambda_l1: 0]
[lambda_l2: 0]
[linear_lambda: 0]
[min_gain_to_split: 0]
[drop_rate: 0.1]
[max_drop: 50]
[skip_drop: 0.5]
[xgboost_dart_mode: 0]
[uniform_drop: 0]
[drop_seed: 4]
[top_rate: 0.2]
[other_rate: 0.1]
[min_data_per_group: 100]
[max_cat_threshold: 32]
[cat_l2: 10]
[cat_smooth: 10]
[max_cat_to_onehot: 4]
[top_k: 20]
[monotone_constraints: ]
[monotone_constraints_method: basic]
[monotone_penalty: 0]
[feature_contri: ]
[forcedsplits_filename: ]
[refit_decay_rate: 0.9]
[cegb_tradeoff: 1]
[cegb_penalty_split: 0]
[cegb_penalty_feature_lazy: ]
[cegb_penalty_feature_coupled: ]
[path_smooth: 0]
[interaction_constraints: ]
[verbosity: -1]
[saved_feature_importance_type: 0]
[use_quantized_grad: 0]
[num_grad_quant_bins: 4]
[quant_train_renew_leaf: 0]
[stochastic_rounding: 1]
[linear_tree: 0]
[max_bin: 255]
[max_bin_by_feature: ]
[min_data_in_bin: 3]
[bin_construct_sample_cnt: 200000]
[data_random_seed: 1]
[is_enable_sparse: 1]
[enable_bundle: 1]
[use_missing: 1]
[zero_as_missing: 0]
[feature_pre_filter: 1]
[pre_partition: 0]
[two_round: 0]
[header: 0]
[label_column: ]
[weight_column: ]
[group_column: ]
[ignore_column: ]
[categorical_feature: ]
[forcedbins_filename: ]
[precise_float_parser: 0]
[parser_config_file: ]
[objective_seed: 5]
[num_class: 1]
[is_unbalance: 0]
[scale_pos_weight: 1]
[sigmoid: 1]
[boost_from_average: 1]
[reg_sqrt: 0]
[alpha: 0.9]
[fair_c: 1]
[poisson_max_delta_step: 0.7]
[tweedie_variance_power: 1.5]
[lambdarank_truncation_level: 30]
[lambdarank_norm: 1]
[label_gain: ]
[lambdarank_position_bias_regularization: 0]
[eval_at: ]
[multi_error_top_k: 1]
[auc_mu_weights: ]
[num_machines: 1]
[local_listen_port: 12400]
[time_out: 120]
[machine_list_filename: ]
[machines: ]
[gpu_platform_id: -1]
[gpu_device_id: -1]
[gpu_use_dp: 0]
[num_gpu: 1]

end of parameters

pandas_categorical:null
